e
0 1 2
00 01 02 10 11 12 20 21 22
 0  1  2  3  4  5  6  7  8

e
0 1 -> 0 1 0 1 
00 01 10 11
000 001 010 011 100 101 110 111
 0   1   2   3   4   5   6   7


n = 10, i = 0; n >= 3^0; yes; n = n - 3^0, i++;
n = 9, i = 1; n >= 3^1; yes; n = n - 3^1, i++;
n = 6, i = 2; n >= 3 ^2; no


(3)  0 1 2 

(9)  00 01 02 10 11 12 20 21 22

(27) 000 100 200 001 101 201 ...

0 1 2 3
0 1 2 3 0 1 2 3 0 1 2 3 0 1 2 3


=====

0 1
0 1 0 1

0 1 2
0 1 2 0 1 2 0 1 2

0 1 2 3
0 1 2 3 0 1 2 3 0 1 2 3 0 1 2 3

==

0 1 2
00 01 02 10 11 12 20 21 22
000 100 200 001 101 201 002 102 202 010 110 210 011 111 211 012 112 212 020 120 220 021 121 221 022 122 222
